184
Z-coords file (Bohr)
8 7.56098319699726939547e+00 8.82672175523094715288e+00 0.00000000000000000000e+00
8 1.01421601105406864463e+01 1.14080876413868228525e+01 0.00000000000000000000e+00
8 1.50518575547731732200e+01 1.42426768282344156091e+01 0.00000000000000000000e+00
8 1.66883603786465180008e+01 1.14080876413868228525e+01 0.00000000000000000000e+00
8 1.24704916686172992968e+01 5.99213256838335439625e+00 0.00000000000000000000e+00
8 1.34153547308998302157e+01 9.51836151682176101474e+00 0.00000000000000000000e+00
8 1.01421601105406864463e+01 1.51875398905169447517e+01 0.00000000000000000000e+00
8 1.99615549990056599938e+01 1.51875398905169447517e+01 0.00000000000000000000e+00
8 5.92448037312392550291e+00 4.10240644381829255849e+00 0.00000000000000000000e+00
8 1.99615549990056599938e+01 9.51836151682176101474e+00 0.00000000000000000000e+00
8 4.28778857663812562606e+00 8.82672175523094715288e+00 0.00000000000000000000e+00
8 6.36270786141056277074e+00 1.14082766139992788368e+01 0.00000000000000000000e+00
8 2.32347496193648019869e+01 1.51875398905169447517e+01 0.00000000000000000000e+00
8 2.32347496193648019869e+01 1.14080876413868228525e+01 0.00000000000000000000e+00
8 1.17788519070264872113e+01 1.80221290773645357319e+01 0.00000000000000000000e+00
8 9.19729704825815552738e+00 1.30447794378726218412e+01 0.00000000000000000000e+00
8 1.66883603786465180008e+01 1.70772660150820065894e+01 0.00000000000000000000e+00
8 1.01459395627898185666e+00 6.93699563066588531512e+00 0.00000000000000000000e+00
8 1.24704916686172992968e+01 4.10240644381829255849e+00 0.00000000000000000000e+00
8 2.32347496193648019869e+01 2.08567182642121302649e+01 0.00000000000000000000e+00
8 2.48712524432381485440e+01 1.42426768282344156091e+01 0.00000000000000000000e+00
7 9.19729704825815552738e+00 4.10240644381829255849e+00 0.00000000000000000000e+00
7 2.65077552671114915483e+01 1.70772660150820065894e+01 0.00000000000000000000e+00
6 9.19748602087061151167e+00 9.77158481751347807176e+00 0.00000000000000000000e+00
6 9.19729704825815552738e+00 5.99213256838335439625e+00 0.00000000000000000000e+00
6 7.56098319699726939547e+00 6.93699563066588531512e+00 0.00000000000000000000e+00
6 1.17788519070264872113e+01 1.23529507036693537714e+01 0.00000000000000000000e+00
6 1.08339888447439562924e+01 6.93699563066588531512e+00 0.00000000000000000000e+00
6 1.08339888447439562924e+01 8.82672175523094715288e+00 0.00000000000000000000e+00
6 1.34153547308998302157e+01 1.14080876413868228525e+01 0.00000000000000000000e+00
6 1.17788519070264872113e+01 1.42426768282344156091e+01 0.00000000000000000000e+00
6 1.50518575547731732200e+01 1.23529507036693537714e+01 0.00000000000000000000e+00
6 1.34153547308998302157e+01 1.51875398905169447517e+01 0.00000000000000000000e+00
6 5.92448037312392550291e+00 5.99213256838335439625e+00 0.00000000000000000000e+00
6 1.83250521751323169894e+01 1.23529507036693537714e+01 0.00000000000000000000e+00
6 1.99615549990056599938e+01 1.14080876413868228525e+01 0.00000000000000000000e+00
6 1.83250521751323169894e+01 1.42426768282344156091e+01 0.00000000000000000000e+00
6 4.28778857663812562606e+00 6.93699563066588531512e+00 0.00000000000000000000e+00
6 8.25243398597562460850e+00 1.14082766139992788368e+01 0.00000000000000000000e+00
6 2.15980578228790029982e+01 1.23529507036693537714e+01 0.00000000000000000000e+00
6 1.34153547308998302157e+01 1.70772660150820065894e+01 0.00000000000000000000e+00
6 2.15980578228790029982e+01 1.42426768282344156091e+01 0.00000000000000000000e+00
6 1.66883603786465180008e+01 1.51875398905169447517e+01 0.00000000000000000000e+00
6 2.65128575276478173350e+00 5.99213256838335439625e+00 0.00000000000000000000e+00
6 1.08339888447439562924e+01 3.15754338153576208370e+00 0.00000000000000000000e+00
6 1.08339888447439562924e+01 1.26781725697070002390e+00 0.00000000000000000000e+00
6 2.32347496193648019869e+01 1.70772660150820065894e+01 0.00000000000000000000e+00
6 2.48712524432381485440e+01 1.80221290773645357319e+01 0.00000000000000000000e+00
6 2.48712524432381485440e+01 1.99118552019295975697e+01 0.00000000000000000000e+00
6 2.65077552671114915483e+01 2.08567182642121302649e+01 0.00000000000000000000e+00
6 2.65077552671114915483e+01 1.51875398905169447517e+01 0.00000000000000000000e+00
6 2.65077552671114915483e+01 2.27464443887771921027e+01 0.00000000000000000000e+00
6 2.81442580909848345527e+01 2.36913074510597212452e+01 0.00000000000000000000e+00
6 2.81442580909848345527e+01 2.55810335756247830830e+01 0.00000000000000000000e+00
6 2.97809498874706335414e+01 2.65258966379073157782e+01 0.00000000000000000000e+00
6 2.81442580909848345527e+01 1.42426768282344156091e+01 0.00000000000000000000e+00
6 2.97809498874706335414e+01 2.84156227624723776159e+01 0.00000000000000000000e+00
6 3.14174527113439765458e+01 2.93604858247549067585e+01 0.00000000000000000000e+00
6 3.14174527113439765458e+01 3.12502119493199685962e+01 0.00000000000000000000e+00
6 3.30539555352173195502e+01 3.21950750116024977387e+01 0.00000000000000000000e+00
6 3.30539555352173195502e+01 3.40848011361675631292e+01 0.00000000000000000000e+00
6 2.97809498874706335414e+01 1.32978137659518846903e+01 0.00000000000000000000e+00
6 3.46904583590906625545e+01 3.50296641984500922717e+01 0.00000000000000000000e+00
6 3.46904583590906625545e+01 3.69193903230151576622e+01 0.00000000000000000000e+00
6 3.63271501555764686486e+01 3.78642533852976868047e+01 0.00000000000000000000e+00
6 3.63271501555764686486e+01 3.97539795098627450898e+01 0.00000000000000000000e+00
6 3.14174527113439765458e+01 1.23529507036693537714e+01 0.00000000000000000000e+00
6 3.79636529794498116530e+01 4.06988425721452813377e+01 0.00000000000000000000e+00
6 3.30539555352173195502e+01 1.14080876413868228525e+01 0.00000000000000000000e+00
6 3.46904583590906625545e+01 1.04632245791042919336e+01 0.00000000000000000000e+00
6 3.63271501555764686486e+01 9.51836151682176101474e+00 0.00000000000000000000e+00
6 3.79636529794498116530e+01 8.57349845453923009586e+00 0.00000000000000000000e+00
6 3.96001558033231546574e+01 7.62863539225669828880e+00 0.00000000000000000000e+00
6 4.12366586271964976618e+01 6.68377232997416736993e+00 0.00000000000000000000e+00
6 4.28733504236822966504e+01 5.73890926769163645105e+00 0.00000000000000000000e+00
6 4.45098532475556396548e+01 4.79404620540910553217e+00 0.00000000000000000000e+00
6 4.61463560714289826592e+01 3.84918314312657461329e+00 0.00000000000000000000e+00
6 4.77828588953023256636e+01 2.90432008084404325032e+00 0.00000000000000000000e+00
6 4.94195506917881317577e+01 1.95945701856151255349e+00 0.00000000000000000000e+00
6 5.10560535156614747621e+01 1.01459395627898185666e+00 0.00000000000000000000e+00
1 8.18270309197917455890e+00 5.40631746976818572392e+00 0.00000000000000000000e+00
1 6.54638924071828753881e+00 7.52262175666859800316e+00 0.00000000000000000000e+00
1 1.07640689781350502585e+01 1.29387658022845215555e+01 0.00000000000000000000e+00
1 1.08339888447439562924e+01 5.76536543343554708230e+00 0.00000000000000000000e+00
1 1.19878556164033831521e+01 8.62319825161529074364e+00 0.00000000000000000000e+00
1 1.12346107831517496578e+01 9.92767619540255275012e+00 0.00000000000000000000e+00
1 1.24007607746208492472e+01 1.08222725427716515156e+01 0.00000000000000000000e+00
1 1.07640689781350502585e+01 1.36568617296192442723e+01 0.00000000000000000000e+00
1 1.50518575547731732200e+01 1.11813205064390146504e+01 0.00000000000000000000e+00
1 1.44299486871788129605e+01 1.57733549891321143122e+01 0.00000000000000000000e+00
1 4.90969744423248766196e+00 5.40612849715572885145e+00 0.00000000000000000000e+00
1 1.73102692462408782603e+01 1.29387658022845215555e+01 0.00000000000000000000e+00
1 1.89469610427266808017e+01 1.08222725427716515156e+01 0.00000000000000000000e+00
1 8.18270309197917455890e+00 3.51659134520312344208e+00 0.00000000000000000000e+00
1 1.83250521751323169894e+01 1.54143070254647529538e+01 0.00000000000000000000e+00
1 5.30238253291710659454e+00 7.52281072928105487563e+00 0.00000000000000000000e+00
1 2.15980578228790029982e+01 1.11813205064390146504e+01 0.00000000000000000000e+00
1 1.45692215025592570754e+01 1.68739314840788061645e+01 0.00000000000000000000e+00
1 1.38161656419200813417e+01 1.81782204552536121867e+01 0.00000000000000000000e+00
1 2.15980578228790029982e+01 1.54143070254647529538e+01 0.00000000000000000000e+00
1 1.34850856248962820416e+01 6.57794766699852395675e+00 0.00000000000000000000e+00
1 1.44299486871788129605e+01 8.93254641820658967788e+00 0.00000000000000000000e+00
1 1.01421601105406864463e+01 1.63591700877472838727e+01 0.00000000000000000000e+00
1 1.55346825795995453490e+01 1.53910633941326029372e+01 0.00000000000000000000e+00
1 1.62877384402387228590e+01 1.40865854503453409308e+01 0.00000000000000000000e+00
1 4.90969744423248766196e+00 3.51659134520312344208e+00 0.00000000000000000000e+00
1 1.89804091951314801712e+00 5.09451265921495011213e+00 0.00000000000000000000e+00
1 3.40434161340395924356e+00 5.09451265921495011213e+00 0.00000000000000000000e+00
1 2.09761489552846427387e+01 8.93254641820658967788e+00 0.00000000000000000000e+00
1 3.27300564774668689694e+00 9.41253685384611671338e+00 0.00000000000000000000e+00
1 5.77708173540785097089e+00 1.24228705702782598053e+01 0.00000000000000000000e+00
1 2.42493435756437882844e+01 1.19939027400019906366e+01 0.00000000000000000000e+00
1 1.17788519070264872113e+01 1.91937592745948784057e+01 0.00000000000000000000e+00
1 9.66235864751361894776e+00 1.26781725697070002390e+00 0.00000000000000000000e+00
1 1.08339888447439562924e+01 9.61870597403616522936e-02 0.00000000000000000000e+00
1 1.20056190419742954134e+01 1.26781725697070002390e+00 0.00000000000000000000e+00
1 2.28339387083445544135e+01 1.81782204552536121867e+01 0.00000000000000000000e+00
1 2.20808828477053786798e+01 1.68739314840788061645e+01 0.00000000000000000000e+00
1 1.77031433075379567299e+01 1.76630811136971743736e+01 0.00000000000000000000e+00
1 0.00000000000000000000e+00 6.35118053205071664280e+00 0.00000000000000000000e+00
1 2.58858463995171312888e+01 1.86079441759797070688e+01 0.00000000000000000000e+00
1 2.38564695143467098148e+01 1.93260401033144333383e+01 0.00000000000000000000e+00
1 2.75223492233904742932e+01 1.76630811136971743736e+01 0.00000000000000000000e+00
1 2.75223492233904742932e+01 2.02709031655969624808e+01 0.00000000000000000000e+00
1 2.32347496193648019869e+01 2.20283484614424693859e+01 0.00000000000000000000e+00
1 2.54931613108325088035e+01 2.33322594873923598868e+01 0.00000000000000000000e+00
1 2.85450690020050856788e+01 2.25903530108881192007e+01 0.00000000000000000000e+00
1 2.92981248626442614125e+01 2.38948309546753812072e+01 0.00000000000000000000e+00
1 2.77436361525770429637e+01 2.66819880157963922329e+01 0.00000000000000000000e+00
1 2.69903913193254076930e+01 2.53776990446215826580e+01 0.00000000000000000000e+00
1 3.01815718258784286832e+01 2.54249421977357101810e+01 0.00000000000000000000e+00
1 3.09346276865176079696e+01 2.67294201415229757401e+01 0.00000000000000000000e+00
1 2.93801389764503859681e+01 2.95165772026439832132e+01 0.00000000000000000000e+00
1 2.86270831158112066817e+01 2.82122882314691771910e+01 0.00000000000000000000e+00
1 3.18180746497517716875e+01 2.82595313845833047139e+01 0.00000000000000000000e+00
1 3.25713194830034069582e+01 2.95640093283705667204e+01 0.00000000000000000000e+00
1 3.10166418003237289724e+01 3.23511663894915741935e+01 0.00000000000000000000e+00
1 3.02635859396845532387e+01 3.10468774183167717240e+01 0.00000000000000000000e+00
1 3.34547664462375706762e+01 3.10941205714308956942e+01 0.00000000000000000000e+00
1 3.42078223068767499626e+01 3.23985985152181612534e+01 0.00000000000000000000e+00
1 3.26533335968095244084e+01 3.51857555763391687265e+01 0.00000000000000000000e+00
1 3.19000887635578962431e+01 3.38814666051643627043e+01 0.00000000000000000000e+00
1 3.50912692701109207860e+01 3.39287097582784866745e+01 0.00000000000000000000e+00
1 3.58443251307500929670e+01 3.52331877020657557864e+01 0.00000000000000000000e+00
1 3.42898364206828674128e+01 3.80203447631867561540e+01 0.00000000000000000000e+00
1 3.35367805600436952318e+01 3.67160557920119572373e+01 0.00000000000000000000e+00
1 3.67277720939842637904e+01 3.67632989451260812075e+01 0.00000000000000000000e+00
1 3.74808279546234359714e+01 3.80677768889133432140e+01 0.00000000000000000000e+00
1 3.59263392445562104172e+01 4.08549339500343506870e+01 0.00000000000000000000e+00
1 3.51732833839170382362e+01 3.95506449788595517703e+01 0.00000000000000000000e+00
1 3.85494680780649758844e+01 3.96842486158662950402e+01 0.00000000000000000000e+00
1 3.89782469357287908451e+01 4.12846576707604526746e+01 0.00000000000000000000e+00
1 3.73778378808346403162e+01 4.17136255010367165141e+01 0.00000000000000000000e+00
1 5.20706474719404539542e+01 4.28778857663812518197e-01 0.00000000000000000000e+00
1 5.04702384170463034252e+01 0.00000000000000000000e+00 0.00000000000000000000e+00
1 5.16418686142766389935e+01 2.02937688517042014169e+00 0.00000000000000000000e+00
1 5.58500997210705776297e+01 2.74707597001898449207e+01 0.00000000000000000000e+00
1 5.77398258456356430202e+01 2.74707597001898449207e+01 0.00000000000000000000e+00
1 6.15192780947657666957e+01 2.74707597001898449207e+01 0.00000000000000000000e+00
1 6.34090042193308249807e+01 2.74707597001898449207e+01 0.00000000000000000000e+00
1 6.71884564684609557617e+01 2.74707597001898449207e+01 0.00000000000000000000e+00
1 6.90781825930260140467e+01 2.74707597001898449207e+01 0.00000000000000000000e+00
1 2.50904606736876978346e+01 4.54930777501668401896e+01 0.00000000000000000000e+00
1 2.69801867982527596723e+01 4.54930777501668401896e+01 0.00000000000000000000e+00
1 5.58500997210705776297e+01 3.21950750116024977387e+01 0.00000000000000000000e+00
1 5.77398258456356430202e+01 3.21950750116024977387e+01 0.00000000000000000000e+00
1 6.15192780947657666957e+01 3.21950750116024977387e+01 0.00000000000000000000e+00
1 6.34090042193308249807e+01 3.21950750116024977387e+01 0.00000000000000000000e+00
1 6.71884564684609557617e+01 3.21950750116024977387e+01 0.00000000000000000000e+00
1 6.90781825930260140467e+01 3.21950750116024977387e+01 0.00000000000000000000e+00
1 2.50904606736876978346e+01 5.02173930615794930077e+01 0.00000000000000000000e+00
1 2.69801867982527596723e+01 5.02173930615794930077e+01 0.00000000000000000000e+00
1 5.58500997210705776297e+01 3.69193903230151576622e+01 0.00000000000000000000e+00
1 5.77398258456356430202e+01 3.69193903230151576622e+01 0.00000000000000000000e+00
1 6.15192780947657666957e+01 3.69193903230151576622e+01 0.00000000000000000000e+00
1 6.34090042193308249807e+01 3.69193903230151576622e+01 0.00000000000000000000e+00
1 6.71884564684609557617e+01 3.69193903230151576622e+01 0.00000000000000000000e+00
1 6.90781825930260140467e+01 3.69193903230151576622e+01 0.00000000000000000000e+00
1 2.50904606736876978346e+01 5.49417083729921458257e+01 0.00000000000000000000e+00
1 2.69801867982527596723e+01 5.49417083729921458257e+01 0.00000000000000000000e+00
1 2.50904606736876978346e+01 5.96660236844048057492e+01 0.00000000000000000000e+00
1 2.69801867982527596723e+01 5.96660236844048057492e+01 0.00000000000000000000e+00
1 2.69801867982527596723e+01 6.43903389958174585672e+01 0.00000000000000000000e+00
1 2.50904606736876978346e+01 6.43903389958174585672e+01 0.00000000000000000000e+00
