140
Z-coords file (Bohr)
16 8.86721858608037649674e+00 4.68274133667222342003e-02 -6.71875116053986687348e+00
16 1.26883959880408969667e+01 9.49833041990137072474e-01 -5.65158502347548452605e+00
8 -2.63408924503123920147e-01 5.23229259095698928661e+00 -1.73962517849085895882e+00
8 3.95924079262124317680e+00 -2.73210933911242959127e+00 -5.34820839143780979441e+00
8 -7.33576563747160470541e+00 -1.75916494661886169126e+00 -2.89245260078177501839e+00
8 3.71060952641221852844e+00 3.55977158714943531237e+00 2.97735799555848323905e+00
8 1.34913217211073472868e+01 2.18815167415637645831e+00 1.66422510612071294922e+00
8 4.30339771442703256099e+00 9.78645696211380489160e+00 6.11515373909254020268e-02
8 1.29408256037602988897e+01 8.18746520181307957387e+00 -6.41803904233782773758e+00
8 2.13839707502270286454e+01 6.36469207384135682304e+00 -2.21923766890547158326e+00
8 -1.02676379252118064045e+01 6.00870546649579040377e+00 3.15958428575029204310e+00
8 1.66319898483507415676e+01 6.87705351799468189711e+00 -1.05937479625279991069e+01
8 1.76793894501521720031e+01 9.51531905776120900953e+00 4.34963931269513981448e+00
8 3.04128554062639437916e+01 1.21888090924896328460e+01 -4.97685831069953010797e+00
7 6.65145801324410479438e-01 -8.92706621244535175608e-02 -5.41011581927856077812e+00
7 -2.47096808595878369985e+00 1.88099558986957138274e+00 -5.44826938973352992157e-01
7 4.02385052882012317355e+00 1.65681737971241793694e+00 -7.63014717315635082606e-01
7 -8.22442824480956957700e+00 7.55134559376198777336e-01 3.26979311333492617120e-01
7 9.50802471492039025236e+00 3.44366681405615793210e+00 1.19145342427702582988e+00
7 1.27710904032518630657e+01 6.61874685402788287547e+00 -2.54245642525107973242e+00
7 -5.82891692300467045840e+00 -6.10065953971712637838e+00 4.15354243274902401595e+00
7 1.80931638823869391786e+01 8.89051890919626330856e+00 -2.67864898704848419797e+00
7 1.77265192196988259354e+01 4.60582948340242559482e+00 -7.17527119771229404677e+00
7 3.36486523466179487940e+00 8.41956136443215896747e+00 -3.80673989436884330217e+00
7 1.49723945712352133341e+01 2.44283006396400947935e+00 -1.28985146358312849912e+01
7 -7.43131019032961415149e+00 6.35390173767008992201e+00 6.91450788978356101211e-02
7 -9.46195319200349160838e+00 -6.13388092498697989896e+00 1.45452219807772809013e+00
7 -7.10391513924871720320e+00 -9.97019503320526645496e+00 2.48062458645531069834e+00
7 1.71757774379555812061e+01 5.66460523647373825895e+00 5.97387781402005568765e+00
6 -6.10098079315830266189e-01 2.33464324333266004530e+00 -5.06336997268211774781e+00
6 -3.05281475971236604394e+00 2.09855975859074694867e+00 -6.61014860016111249763e+00
6 -2.23719006708883982881e+00 3.18872386259108520079e-01 -8.69920303634529723524e+00
6 -7.21365153530221125955e-01 -1.63283675519168736123e+00 -7.21686406971397076404e+00
6 -1.12026744116466003831e+00 3.17729101953746662090e+00 -2.34271237388455277895e+00
6 3.10525465966904645754e+00 -6.73649568884953309222e-01 -4.72136733865833324586e+00
6 4.87751540833114383133e+00 1.19423132168013634846e+00 -3.36545104976041020706e+00
6 -3.61086978155767468479e+00 -6.19905757902322829267e-01 -7.82535588182392105594e-01
6 7.64437681087432530092e+00 2.43377827582734296286e-01 -3.48176369272738961413e+00
6 -2.50403829313867198891e+00 -2.55354911760227665241e+00 1.13181366778575243082e+00
6 -6.50133816990865653906e+00 -5.61683296004473309182e-01 -1.09804426193977477944e+00
6 -3.14393735343889346723e+00 -2.33180865414581228734e+00 3.96139508040324805904e+00
6 4.89611031339686419983e+00 3.37533431739188483078e+00 1.00119579805581548904e+00
6 7.26363479129695654990e+00 5.05993067113540995194e+00 7.90585821473039240814e-01
6 -5.73938169922277729995e+00 -3.40957615476900421925e+00 4.69494896743691292329e+00
6 7.18044904729360222717e+00 6.79163789716434163068e+00 -1.58846598578689968129e+00
6 1.33492521110625439462e+01 6.32217323603864223003e+00 1.48022247337181278581e-01
6 1.20670918328063958569e+01 3.91154410523722173565e+00 1.07113456192596823158e+00
6 -7.78875188679109520251e+00 2.35690421708003627899e+00 2.51080351266461487825e+00
6 1.26796087615616688282e+01 8.61000796326582573670e+00 1.87678150061179116470e+00
6 1.40588631680979716521e+01 5.89500064558071024123e-01 -8.79272558225002320853e+00
6 4.83766108436406661042e+00 8.41062295986296604156e+00 -1.71558786218639136578e+00
6 1.58391741500507148288e+01 1.01506260835787376351e+01 -3.67092527779635213747e+00
6 1.43251633735716783491e+01 3.09457770706525403526e+00 -1.02801668094176736901e+01
6 1.37710389820654661719e+01 8.26035193843755344290e+00 -4.26135130815545970506e+00
6 1.99467584434503173441e+01 6.06473584608914428884e+00 -6.36438971766142636000e+00
6 1.34261072725486059198e+01 8.18325111255529868970e+00 4.65902527380893172193e+00
6 1.63883852536330572036e+01 1.19964727675313991284e+01 -5.86100447259978540870e+00
6 -8.57574722862746163798e+00 5.02761635440534693231e+00 1.93196150344909112206e+00
6 1.97636439819799640816e+01 7.15535348435937823552e+00 -3.67049064078770204134e+00
6 1.63116245784532267749e+01 4.98322668773931365394e+00 -9.31542382830471638044e+00
6 2.11799748150802287228e+01 7.87093607594843014397e+00 -8.34070309325406000767e+00
6 -7.41793092936769316026e+00 -7.32323675326573830802e+00 2.74499727128196324699e+00
6 1.42818130562741583134e+01 1.38328141290774979666e+01 -6.55598904943107729792e+00
6 1.62363189923893074251e+01 7.82730229973222346729e+00 4.98284874251440079718e+00
6 2.36515476133988755691e+01 8.99776086676533104480e+00 -7.43338888906663619593e+00
6 1.19267418735349473025e+01 1.39609186630617649882e+01 -5.29831962174929227416e+00
6 1.47256530311507543018e+01 1.54958676050009813707e+01 -8.58200222209977248156e+00
6 2.38968529616286673445e+01 1.16316422419228686636e+01 -7.16531234103583702932e+00
6 2.57354997890467309674e+01 7.44761852678461089283e+00 -6.86790724355178650029e+00
6 1.00905705873400606265e+01 1.56990887524367099815e+01 -6.06498151048533795660e+00
6 1.28816771760614123821e+01 1.72294078653707387616e+01 -9.33834620619569122368e+00
6 1.05657044268394528785e+01 1.73302436513775290905e+01 -8.08156494979245287880e+00
6 2.61705147429216076205e+01 1.26891707757519682787e+01 -6.33713986694519793019e+00
6 2.80084434744123420558e+01 8.51147764313100374522e+00 -6.04066073526218527689e+00
6 2.82321114585158667865e+01 1.11377812165290350777e+01 -5.77120468716045387225e+00
1 5.81563214834897812544e-01 3.77945224913012367551e+00 -6.02544843995943679715e+00
1 -4.53439783589386635754e+00 1.10227724845880059590e+00 -5.53410075031127490774e+00
1 -3.85262244467328285324e+00 3.93216101725622646512e+00 -7.24628710547344923043e+00
1 -3.79814164050207203616e+00 -4.79347928757173580294e-01 -9.85274855456354714534e+00
1 -9.19181684249691710598e-01 1.36564837843943331919e+00 -9.96490380005648468398e+00
1 5.06011964374786571419e-01 -2.72309534549825427163e+00 -8.52869304812579187569e+00
1 -1.99485158887461633270e+00 -2.95632534379207401187e+00 -6.20790149728619322644e+00
1 4.75689418980015688021e+00 2.95999141247373032115e+00 -4.46568739400468039946e+00
1 -2.59820334592574919697e+00 2.76689919706567222235e+00 1.17327425895870995909e+00
1 -2.92573067783536577835e+00 -1.43889416302757511268e+00 -2.55621363143791358041e+00
1 8.82390606330534588153e+00 1.66103146897019793293e+00 -2.62222176496897141362e+00
1 7.87583046661105345976e+00 -1.58623610895991307146e+00 -2.47905611377192203193e+00
1 2.47977420969925699268e+00 6.17902648210283955699e-01 -1.97873222503207629730e-01
1 -2.95793161099795431923e+00 -4.50620312211535534175e+00 5.02383690215621681041e-01
1 -4.19764864049637198562e-01 -2.37349601245371788494e+00 9.71149152675230942222e-01
1 -1.73992753467078942187e+00 -3.49055091920661730853e+00 5.01410481261470675207e+00
1 -2.89345415562779439966e+00 -3.57309415632761862014e-01 4.61263249745085968101e+00
1 7.24107146136964985317e+00 6.37752331422715279530e+00 2.42909175503842167387e+00
1 -5.98402564330897046574e+00 -3.16170077900980484031e+00 6.76412348479067304652e+00
1 -7.25913724312049168930e+00 -2.36004116244681449999e+00 3.79128193466990115468e+00
1 8.70993668073282556463e+00 8.18296765363661293691e+00 -1.53453320219181277295e+00
1 7.39650143511512592198e+00 5.72260093123663970971e+00 -3.35658823423619967485e+00
1 -1.00926681833383291576e+01 6.23685210151453062188e-01 -2.22987682698677275317e-01
1 9.08986611807663180684e+00 1.61352375419863247608e+00 1.73784883593376782152e+00
1 1.54212045258194159203e+01 6.01106762415149642464e+00 2.85462028376798238050e-01
1 -8.93825339110277639065e+00 1.63077695371591135931e+00 4.11232750597225926725e+00
1 -5.83647582750293025811e+00 2.34131397655237449840e+00 3.16368499144059844852e+00
1 1.36389093314358760267e+01 1.03442852168241650190e+01 1.25997489355375491549e+00
1 1.06397627936611591792e+01 9.02172259402481557800e+00 1.86160699983153365977e+00
1 1.28203555633192749497e+01 -7.33308222637472306715e-01 -9.85055647225905239850e+00
1 1.59023287971336806379e+01 -4.04533671485642787324e-01 -8.65362284222078770313e+00
1 1.51666017250567630725e+01 1.14155142650563625750e+01 -2.16067505630520040327e+00
1 1.15018558516877398290e+01 5.36083176194990418395e+00 -3.29774216271724363025e+00
1 1.24499125511207857642e+01 4.04862483831317110372e+00 -1.02922799538761360338e+01
1 2.14408893010989309857e+01 4.58831172222770700131e+00 -6.23484899182249119320e+00
1 1.28437125782188985568e+01 9.85769963700990814459e+00 5.78518866048223401322e+00
1 1.23796903283319483791e+01 6.52809669183249763336e+00 5.41684324428201335877e+00
1 1.80735674224752003170e+01 1.31447270526008690439e+01 -5.35661767269212418796e+00
1 1.67421986759353771390e+01 1.08993166768701694735e+01 -7.56958145086404066149e+00
1 1.84465048731581120478e+01 9.36366853626486417284e+00 -8.17023089955704495679e-01
1 2.15697875200555095887e+01 6.79588978094461193535e+00 -1.01042144099594199957e+01
1 1.99528433615714178018e+01 9.42727671761772256787e+00 -8.88751424465820605292e+00
1 1.73597422761819935033e+01 3.04395194418815595583e+00 -6.08136543598531620347e+00
1 3.79878414738442415910e+00 7.31227634174326102112e+00 -5.34705565850182562571e+00
1 1.78616913293889645331e+00 9.55719538868157236777e+00 -3.89614283732201638344e+00
1 1.35796475201695177049e+01 1.26392442115409586734e+00 -1.36597530105898314901e+01
1 1.49813896675881430554e+01 4.07128265454670668078e+00 -1.40187064879509630799e+01
1 1.14655542128348457709e+01 1.27415161894024198119e+01 -3.72880758899177999766e+00
1 1.65104615612799641156e+01 1.54453174311688670173e+01 -9.58385942429918458174e+00
1 -6.00861098018956152345e+00 5.56000889547906140820e+00 -9.92899900368974797082e-01
1 -7.97581587586179185934e+00 8.18317552351031629598e+00 -3.19722763015162836364e-01
1 2.23288905042932945832e+01 1.28746473948780284502e+01 -7.59373215073598206715e+00
1 2.56133478923548487671e+01 5.41672986071453888002e+00 -7.07245119927470877741e+00
1 -1.06528963902268856145e+01 -7.21304682294235011142e+00 3.56288963525496771290e-01
1 -9.85580991088534297262e+00 -4.23954386867797872185e+00 1.55966655964852796146e+00
1 -5.64559459166061383684e+00 -1.08888475941400795222e+01 3.38723959197664514775e+00
1 -8.32749390764334940229e+00 -1.10071822440603437343e+01 1.37719460506052571169e+00
1 1.59937348497788942581e+01 4.21747186754305936063e+00 6.52125588326157146213e+00
1 1.90974210367645476083e+01 5.43226340945846342123e+00 6.19217897592981181276e+00
1 8.29294971408629955079e+00 1.57797611606943881668e+01 -5.09148909741564636988e+00
1 1.32494367771630194852e+01 1.84950519372981894151e+01 -1.09024725194981932930e+01
1 9.13873443565788434739e+00 1.86725161176560945364e+01 -8.66989338415329235943e+00
1 2.63289493812051453858e+01 1.47195681130296520678e+01 -6.13741471283991657515e+00
1 2.95950197340746790076e+01 7.29213186125539802873e+00 -5.61328027493055081720e+00
1 3.18850276463451116626e+01 1.11836826640947197831e+01 -4.56867746779347605468e+00
